9.86397E+08   1.67143E-23    0.00000E+00   1.00980E-32   1.50023E-02   1.59193E-02   2.76791E-02   1.59750E-01
9.59571E+08   1.64922E-23    0.00000E+00   1.04639E-32   1.53502E-02   1.62760E-02   2.82780E-02   1.62800E-01
9.33365E+08   1.62725E-23    0.00000E+00   1.09233E-32   1.57069E-02   1.66415E-02   2.88908E-02   1.65920E-01
9.07645E+08   1.60539E-23    0.00000E+00   1.14067E-32   1.60749E-02   1.70180E-02   2.95213E-02   1.69100E-01
8.82428E+08   1.58367E-23    0.00000E+00   1.19157E-32   1.64542E-02   1.74056E-02   3.01696E-02   1.72360E-01
8.57729E+08   1.56209E-23    0.00000E+00   1.24517E-32   1.68449E-02   1.78044E-02   3.08357E-02   1.75700E-01
8.33558E+08   1.54068E-23    0.00000E+00   1.30159E-32   1.72471E-02   1.82145E-02   3.15197E-02   1.79100E-01
8.09923E+08   1.51945E-23    0.00000E+00   1.36096E-32   1.76609E-02   1.86359E-02   3.22216E-02   1.82580E-01
7.86828E+08   1.49841E-23    0.00000E+00   1.42340E-32   1.80866E-02   1.90688E-02   3.29417E-02   1.86120E-01
7.64274E+08   1.47757E-23    0.00000E+00   1.48908E-32   1.85243E-02   1.95135E-02   3.36819E-02   1.89770E-01
7.42261E+08   1.45694E-23    0.00000E+00   1.55812E-32   1.89742E-02   1.99698E-02   3.44388E-02   1.93450E-01
7.20786E+08   1.43653E-23    0.00000E+00   1.63069E-32   1.94364E-02   2.04381E-02   3.52144E-02   1.97200E-01
6.99847E+08   1.41634E-23    0.00000E+00   1.70697E-32   1.99111E-02   2.09184E-02   3.60087E-02   2.01020E-01
6.79437E+08   1.39637E-23    0.00000E+00   1.78714E-32   2.03986E-02   2.14109E-02   3.68218E-02   2.04900E-01
6.59552E+08   1.37664E-23    0.00000E+00   1.87137E-32   2.08995E-02   2.19186E-02   3.76960E-02   2.09470E-01
6.40185E+08   1.35714E-23    0.00000E+00   1.95988E-32   2.14131E-02   2.24361E-02   3.85496E-02   2.13510E-01
6.21327E+08   1.33788E-23    0.00000E+00   2.05287E-32   2.19401E-02   2.29664E-02   3.94230E-02   2.17600E-01
6.02971E+08   1.31886E-23    0.00000E+00   2.15054E-32   2.24808E-02   2.35098E-02   4.03167E-02   2.21770E-01
5.85108E+08   1.30008E-23    0.00000E+00   2.25314E-32   2.30355E-02   2.40664E-02   4.12306E-02   2.26000E-01
5.67729E+08   1.28154E-23    0.00000E+00   2.36093E-32   2.36043E-02   2.46365E-02   4.21651E-02   2.30280E-01
5.50826E+08   1.26325E-23    0.00000E+00   2.47416E-32   2.41876E-02   2.52200E-02   4.31202E-02   2.34630E-01
5.34387E+08   1.24520E-23    0.00000E+00   2.59308E-32   2.47856E-02   2.58174E-02   4.40960E-02   2.39030E-01
5.18405E+08   1.22739E-23    0.00000E+00   2.71798E-32   2.53985E-02   2.64287E-02   4.50931E-02   2.43490E-01
5.02869E+08   1.20983E-23    0.00000E+00   2.84916E-32   2.60267E-02   2.70543E-02   4.61115E-02   2.48010E-01
4.87769E+08   1.19251E-23    0.00000E+00   2.98695E-32   2.66704E-02   2.76944E-02   4.71516E-02   2.52580E-01
4.73096E+08   1.17544E-23    0.00000E+00   3.13165E-32   2.73300E-02   2.83492E-02   4.82136E-02   2.57200E-01
4.58839E+08   1.15861E-23    0.00000E+00   3.28362E-32   2.80057E-02   2.90189E-02   4.92978E-02   2.61870E-01
4.44989E+08   1.14202E-23    0.00000E+00   3.44323E-32   2.86977E-02   2.97036E-02   5.04042E-02   2.66590E-01
4.31536E+08   1.12568E-23    0.00000E+00   3.61086E-32   2.94063E-02   3.04035E-02   5.15329E-02   2.71350E-01
4.18470E+08   1.10958E-23    0.00000E+00   3.78690E-32   3.01317E-02   3.11188E-02   5.26841E-02   2.76150E-01
4.05782E+08   1.09372E-23    0.00000E+00   3.97177E-32   3.08743E-02   3.18497E-02   5.38578E-02   2.81000E-01
3.93462E+08   1.07809E-23    0.00000E+00   4.16591E-32   3.16343E-02   3.25975E-02   5.50575E-02   2.85910E-01
3.81500E+08   1.06271E-23    0.00000E+00   4.36979E-32   3.24120E-02   3.33607E-02   5.62784E-02   2.90850E-01
3.69888E+08   1.04756E-23    0.00000E+00   4.58392E-32   3.32077E-02   3.41402E-02   5.75227E-02   2.95820E-01
3.58616E+08   1.03265E-23    0.00000E+00   4.80876E-32   3.40218E-02   3.49361E-02   5.87905E-02   3.00830E-01
3.47676E+08   1.01798E-23    0.00000E+00   5.04487E-32   3.48542E-02   3.57485E-02   6.00814E-02   3.05860E-01
3.37058E+08   1.00353E-23    0.00000E+00   5.29280E-32   3.57056E-02   3.65777E-02   6.13960E-02   3.10930E-01
3.26754E+08   9.89268E-24    0.00000E+00   5.55313E-32   3.65777E-02   3.74257E-02   6.27370E-02   3.16040E-01
3.16756E+08   9.75232E-24    0.00000E+00   5.82650E-32   3.74696E-02   3.82927E-02   6.41054E-02   3.21190E-01
3.07055E+08   9.61421E-24    0.00000E+00   6.11354E-32   3.83813E-02   3.91756E-02   6.54949E-02   3.26340E-01
2.97642E+08   9.47833E-24    0.00000E+00   6.41494E-32   3.93131E-02   4.00764E-02   6.69068E-02   3.31560E-01
2.88510E+08   9.34466E-24    0.00000E+00   6.73140E-32   4.02655E-02   4.09953E-02   6.83450E-02   3.36770E-01
2.79651E+08   9.21318E-24    0.00000E+00   7.06369E-32   4.12386E-02   4.19318E-02   6.98068E-02   3.42000E-01
2.71058E+08   9.08387E-24    0.00000E+00   7.41261E-32   4.22325E-02   4.28865E-02   7.12926E-02   3.47240E-01
2.62722E+08   8.95672E-24    0.00000E+00   7.77896E-32   4.32474E-02   4.38591E-02   7.28023E-02   3.52500E-01
2.54636E+08   8.83170E-24    0.00000E+00   8.16364E-32   4.42870E-02   4.48573E-02   7.43560E-02   3.57840E-01
2.46794E+08   8.70880E-24    0.00000E+00   8.56755E-32   4.53451E-02   4.58672E-02   7.59155E-02   3.63130E-01
2.39189E+08   8.58799E-24    0.00000E+00   8.99165E-32   4.64252E-02   4.68959E-02   7.75006E-02   3.68430E-01
2.31813E+08   8.46924E-24    0.00000E+00   9.43695E-32   4.75276E-02   4.79436E-02   7.91106E-02   3.73730E-01
2.24660E+08   8.35254E-24    0.00000E+00   9.90452E-32   4.86525E-02   4.90099E-02   8.07450E-02   3.79030E-01
2.17724E+08   8.23784E-24    0.00000E+00   1.03954E-31   4.98000E-02   5.00950E-02   8.24038E-02   3.84310E-01
2.10999E+08   8.12512E-24    0.00000E+00   1.09109E-31   5.09704E-02   5.11990E-02   8.40871E-02   3.89580E-01
2.04477E+08   8.01433E-24    0.00000E+00   1.14521E-31   5.21642E-02   5.23221E-02   8.57953E-02   3.94820E-01
1.98154E+08   7.90543E-24    0.00000E+00   1.20203E-31   5.33818E-02   5.34646E-02   8.75286E-02   4.00030E-01
1.92023E+08   7.79836E-24    0.00000E+00   1.26170E-31   5.46336E-02   5.46459E-02   8.93993E-02   4.05260E-01
1.86079E+08   7.69307E-24    0.00000E+00   1.32433E-31   5.59006E-02   5.58287E-02   9.11886E-02   4.10390E-01
1.80317E+08   7.58952E-24    0.00000E+00   1.39010E-31   5.71929E-02   5.70317E-02   9.30044E-02   4.15460E-01
1.74731E+08   7.48767E-24    0.00000E+00   1.45914E-31   5.85106E-02   5.82548E-02   9.48464E-02   4.20480E-01
1.69315E+08   7.38748E-24    0.00000E+00   1.53163E-31   5.98541E-02   5.94983E-02   9.67151E-02   4.25420E-01
1.64066E+08   7.28892E-24    0.00000E+00   1.60774E-31   6.12248E-02   6.07640E-02   9.86185E-02   4.30290E-01
1.58977E+08   7.19192E-24    0.00000E+00   1.68763E-31   6.26214E-02   6.20488E-02   1.00540E-01   4.35080E-01
1.54045E+08   7.09646E-24    0.00000E+00   1.77150E-31   6.40453E-02   6.33557E-02   1.02500E-01   4.39800E-01
1.49264E+08   7.00251E-24    0.00000E+00   1.85954E-31   6.54970E-02   6.46844E-02   1.04480E-01   4.44440E-01
1.44630E+08   6.91002E-24    0.00000E+00   1.95197E-31   6.69773E-02   6.60349E-02   1.06500E-01   4.48970E-01
1.40138E+08   6.81896E-24    0.00000E+00   2.04899E-31   6.85015E-02   6.74344E-02   1.08680E-01   4.53370E-01
1.35785E+08   6.72930E-24    0.00000E+00   2.15084E-31   7.00402E-02   6.88293E-02   1.10750E-01   4.57650E-01
1.31566E+08   6.64100E-24    0.00000E+00   2.25775E-31   7.16086E-02   7.02465E-02   1.12860E-01   4.61790E-01
1.27477E+08   6.55403E-24    0.00000E+00   2.36998E-31   7.32075E-02   7.16861E-02   1.15010E-01   4.65770E-01
1.23514E+08   6.46831E-24    0.00000E+00   2.48778E-31   7.48379E-02   7.31490E-02   1.17180E-01   4.69600E-01
1.19674E+08   6.38385E-24    0.00000E+00   2.61144E-31   7.65004E-02   7.46358E-02   1.19390E-01   4.73250E-01
1.15952E+08   6.30064E-24    0.00000E+00   2.74123E-31   7.81944E-02   7.61442E-02   1.21630E-01   4.76710E-01
1.12346E+08   6.21866E-24    0.00000E+00   2.87746E-31   7.99207E-02   7.76752E-02   1.23900E-01   4.79970E-01
1.08851E+08   6.13790E-24    0.00000E+00   3.02046E-31   8.16795E-02   7.92283E-02   1.26210E-01   4.83010E-01
1.05464E+08   6.05835E-24    0.00000E+00   3.17054E-31   8.34709E-02   8.08034E-02   1.28550E-01   4.85830E-01
1.02182E+08   5.98001E-24    0.00000E+00   3.32807E-31   8.52952E-02   8.24002E-02   1.30920E-01   4.88400E-01
9.90011E+07   5.90286E-24    0.00000E+00   3.49340E-31   8.71878E-02   8.40812E-02   1.33480E-01   4.90720E-01
9.59191E+07   5.82682E-24    0.00000E+00   3.66692E-31   8.90814E-02   8.57261E-02   1.35930E-01   4.92830E-01
9.29327E+07   5.75188E-24    0.00000E+00   3.84903E-31   9.10101E-02   8.73931E-02   1.38420E-01   4.94650E-01
9.00388E+07   5.67809E-24    0.00000E+00   4.04015E-31   9.29736E-02   8.90810E-02   1.40950E-01   4.96160E-01
8.72346E+07   5.60542E-24    0.00000E+00   4.24074E-31   9.49714E-02   9.07888E-02   1.43500E-01   4.97350E-01
8.45174E+07   5.53387E-24    0.00000E+00   4.45126E-31   9.70042E-02   9.25163E-02   1.46090E-01   4.98190E-01
8.18845E+07   5.46343E-24    0.00000E+00   4.67220E-31   9.90721E-02   9.42629E-02   1.48720E-01   4.98680E-01
7.93332E+07   5.39410E-24    0.00000E+00   4.90408E-31   1.01180E-01   9.60279E-02   1.51370E-01   4.98810E-01
7.68610E+07   5.32589E-24    0.00000E+00   5.14744E-31   1.03310E-01   9.78102E-02   1.54060E-01   4.98540E-01
7.44655E+07   5.25881E-24    0.00000E+00   5.40284E-31   1.05490E-01   9.96090E-02   1.56780E-01   4.97880E-01
7.21444E+07   5.19285E-24    0.00000E+00   5.67088E-31   1.07690E-01   1.01420E-01   1.59530E-01   4.96820E-01
6.98952E+07   5.12796E-24    0.00000E+00   5.95218E-31   1.09980E-01   1.03270E-01   1.62310E-01   4.94960E-01
6.77159E+07   5.06423E-24    0.00000E+00   6.24739E-31   1.12260E-01   1.05110E-01   1.65120E-01   4.93040E-01
6.56041E+07   5.00168E-24    0.00000E+00   6.55720E-31   1.14570E-01   1.06970E-01   1.67960E-01   4.90690E-01
6.35578E+07   4.94034E-24    0.00000E+00   6.88232E-31   1.17160E-01   1.09470E-01   1.70820E-01   4.87910E-01
6.15749E+07   4.88024E-24    0.00000E+00   7.22351E-31   1.19540E-01   1.11370E-01   1.73720E-01   4.84750E-01
5.96536E+07   4.82141E-24    0.00000E+00   7.58157E-31   1.21950E-01   1.13280E-01   1.76650E-01   4.81180E-01
5.77918E+07   4.76391E-24    0.00000E+00   7.95733E-31   1.24390E-01   1.15190E-01   1.79600E-01   4.77190E-01
5.59876E+07   4.70777E-24    0.00000E+00   8.35167E-31   1.26850E-01   1.17100E-01   1.82550E-01   4.72680E-01
5.42394E+07   4.65305E-24    0.00000E+00   8.76552E-31   1.29340E-01   1.19010E-01   1.85520E-01   4.67760E-01
5.25453E+07   4.59979E-24    0.00000E+00   9.19985E-31   1.31840E-01   1.20920E-01   1.88500E-01   4.62450E-01
5.09036E+07   4.54804E-24    0.00000E+00   9.65568E-31   1.34360E-01   1.22810E-01   1.91490E-01   4.56750E-01
4.93128E+07   4.49781E-24    0.00000E+00   1.01341E-30   1.36900E-01   1.24700E-01   1.94490E-01   4.50690E-01
4.77712E+07   4.44907E-24    0.00000E+00   1.06362E-30   1.39510E-01   1.26610E-01   1.97490E-01   4.44300E-01
4.62773E+07   4.40202E-24    0.00000E+00   1.11632E-30   1.42070E-01   1.28470E-01   2.00500E-01   4.37570E-01
4.48296E+07   4.35667E-24    0.00000E+00   1.17164E-30   1.44630E-01   1.30310E-01   2.03490E-01   4.30540E-01
4.34266E+07   4.31309E-24    0.00000E+00   1.22971E-30   1.47190E-01   1.32120E-01   2.06480E-01   4.23210E-01
4.20670E+07   4.27134E-24    0.00000E+00   1.29067E-30   1.49740E-01   1.33900E-01   2.09460E-01   4.15610E-01
4.07493E+07   4.23149E-24    0.00000E+00   1.35466E-30   1.52290E-01   1.35650E-01   2.12430E-01   4.07760E-01
3.94723E+07   4.19362E-24    0.00000E+00   1.42185E-30   1.54860E-01   1.37370E-01   2.15110E-01   3.99690E-01
3.82346E+07   4.15780E-24    0.00000E+00   1.49240E-30   1.57370E-01   1.39050E-01   2.18050E-01   3.91480E-01
3.70351E+07   4.12412E-24    0.00000E+00   1.56647E-30   1.59850E-01   1.40680E-01   2.20980E-01   3.83060E-01
3.58726E+07   4.09267E-24    0.00000E+00   1.64425E-30   1.62540E-01   1.42260E-01   2.23900E-01   3.74460E-01
3.47457E+07   4.06354E-24    0.00000E+00   1.72590E-30   1.64960E-01   1.43790E-01   2.26790E-01   3.65630E-01
3.36536E+07   4.03683E-24    0.00000E+00   1.81163E-30   1.67340E-01   1.45250E-01   2.29660E-01   3.56720E-01
3.25949E+07   4.01268E-24    0.00000E+00   1.90163E-30   1.69760E-01   1.46050E-01   2.32520E-01   3.47670E-01
3.15688E+07   3.99106E-24    0.00000E+00   1.99612E-30   1.72040E-01   1.47350E-01   2.35360E-01   3.38510E-01
3.05741E+07   3.97205E-24    0.00000E+00   2.09532E-30   1.74260E-01   1.48590E-01   2.38190E-01   3.29260E-01
2.96099E+07   3.95597E-24    0.00000E+00   2.19946E-30   1.76410E-01   1.49750E-01   2.41020E-01   3.19900E-01
2.86752E+07   3.94301E-24    0.00000E+00   2.30883E-30   1.78550E-01   1.50820E-01   2.43480E-01   3.10430E-01
2.77689E+07   3.93341E-24    0.00000E+00   2.42371E-30   1.80550E-01   1.51820E-01   2.46280E-01   3.00890E-01
2.68903E+07   3.92744E-24    0.00000E+00   2.54441E-30   1.82460E-01   1.52730E-01   2.49090E-01   2.91270E-01
2.60382E+07   3.92543E-24    0.00000E+00   2.67126E-30   1.84270E-01   1.53550E-01   2.51900E-01   2.81570E-01
2.52120E+07   3.92773E-24    0.00000E+00   2.80460E-30   1.85980E-01   1.54290E-01   2.54740E-01   2.71780E-01
2.44107E+07   3.93476E-24    0.00000E+00   2.94482E-30   1.87570E-01   1.54970E-01   2.57630E-01   2.61920E-01
2.36334E+07   3.94698E-24    0.00000E+00   3.09233E-30   1.89040E-01   1.55570E-01   2.60580E-01   2.52050E-01
2.28794E+07   3.96498E-24    0.00000E+00   3.24753E-30   1.90380E-01   1.56140E-01   2.63560E-01   2.42050E-01
2.21479E+07   3.98944E-24    0.00000E+00   3.41089E-30   1.91580E-01   1.56670E-01   2.66610E-01   2.31940E-01
2.14380E+07   4.02111E-24    0.00000E+00   3.58290E-30   1.92620E-01   1.57220E-01   2.69680E-01   2.21740E-01
2.07489E+07   4.06089E-24    0.00000E+00   3.76407E-30   1.93490E-01   1.57810E-01   2.72840E-01   2.11430E-01
2.00800E+07   4.10978E-24    0.00000E+00   3.95498E-30   1.94180E-01   1.58510E-01   2.76060E-01   2.01010E-01
1.94305E+07   4.16893E-24    0.00000E+00   4.15624E-30   1.94680E-01   1.59400E-01   2.79320E-01   1.90500E-01
1.87997E+07   4.23961E-24    0.00000E+00   4.36851E-30   1.94970E-01   1.60570E-01   2.82570E-01   1.79890E-01
1.81869E+07   4.32311E-24    0.00000E+00   4.59252E-30   1.95050E-01   1.62160E-01   2.85780E-01   1.69220E-01
1.75916E+07   4.42102E-24    0.00000E+00   4.82903E-30   1.94900E-01   1.64230E-01   2.88200E-01   1.58510E-01
1.70132E+07   4.53474E-24    0.00000E+00   5.07885E-30   1.94530E-01   1.67090E-01   2.90660E-01   1.47820E-01
1.64512E+07   4.66562E-24    0.00000E+00   5.34284E-30   1.93960E-01   1.70860E-01   2.92530E-01   1.37210E-01
1.59053E+07   4.81458E-24    0.00000E+00   5.62187E-30   1.93190E-01   1.75760E-01   2.93570E-01   1.26760E-01
1.53752E+07   4.98181E-24    0.00000E+00   5.91682E-30   1.92280E-01   1.81490E-01   2.93420E-01   1.16580E-01
1.48608E+07   5.16649E-24    0.00000E+00   6.22854E-30   1.91290E-01   1.88870E-01   2.91860E-01   1.06750E-01
1.43623E+07   5.36628E-24    0.00000E+00   6.55781E-30   1.90270E-01   1.97660E-01   2.88570E-01   9.73757E-02
1.38797E+07   5.57692E-24    0.00000E+00   6.90530E-30   1.89300E-01   2.07150E-01   2.83350E-01   8.85578E-02
1.34134E+07   5.79291E-24    0.00000E+00   7.27155E-30   1.88460E-01   2.18130E-01   2.76160E-01   8.03724E-02
1.29636E+07   6.00671E-24    0.00000E+00   7.65693E-30   1.87830E-01   2.29990E-01   2.67110E-01   7.28765E-02
1.25304E+07   6.21020E-24    0.00000E+00   8.06172E-30   1.87490E-01   2.41860E-01   2.56420E-01   6.60667E-02
1.21139E+07   6.39557E-24    0.00000E+00   8.48616E-30   1.87490E-01   2.54230E-01   2.44550E-01   5.99853E-02
1.17139E+07   6.55642E-24    0.00000E+00   8.93044E-30   1.87880E-01   2.66470E-01   2.31880E-01   5.45663E-02
1.13298E+07   6.68853E-24    0.00000E+00   9.39487E-30   1.88670E-01   2.78350E-01   2.18840E-01   4.97520E-02
1.09610E+07   6.79017E-24    0.00000E+00   9.87994E-30   1.89870E-01   2.89620E-01   2.05800E-01   4.54730E-02
1.06068E+07   6.86199E-24    0.00000E+00   1.03863E-29   1.91440E-01   3.00260E-01   1.93090E-01   4.16566E-02
1.02661E+07   6.90621E-24    0.00000E+00   1.09150E-29   1.93330E-01   3.10180E-01   1.80950E-01   3.82349E-02
9.93822E+06   6.92688E-24    0.00000E+00   1.14672E-29   1.95450E-01   3.19330E-01   1.69550E-01   3.51431E-02
9.62224E+06   6.92796E-24    0.00000E+00   1.20441E-29   1.97720E-01   3.27720E-01   1.59030E-01   3.23337E-02
9.31740E+06   6.91364E-24    0.00000E+00   1.26473E-29   2.00040E-01   3.35340E-01   1.49390E-01   2.97574E-02
9.02302E+06   6.88786E-24    0.00000E+00   1.32786E-29   2.02330E-01   3.42180E-01   1.40750E-01   2.73795E-02
8.73849E+06   6.85399E-24    0.00000E+00   1.39398E-29   2.04500E-01   3.48240E-01   1.33080E-01   2.51779E-02
8.46328E+06   6.81484E-24    0.00000E+00   1.46329E-29   2.06480E-01   3.53470E-01   1.26200E-01   2.31205E-02
8.19692E+06   6.77262E-24    0.00000E+00   1.53598E-29   2.08210E-01   3.57820E-01   1.20090E-01   2.11990E-02
7.93901E+06   6.72902E-24    0.00000E+00   1.61228E-29   2.09680E-01   3.61260E-01   1.14650E-01   1.94020E-02
7.68921E+06   6.68525E-24    0.00000E+00   1.69240E-29   2.10850E-01   3.63730E-01   1.09790E-01   1.77264E-02
7.44718E+06   6.64220E-24    0.00000E+00   1.77656E-29   2.11730E-01   3.65250E-01   1.05720E-01   1.61543E-02
7.21266E+06   6.60053E-24    0.00000E+00   1.86498E-29   2.12340E-01   3.65640E-01   1.01420E-01   1.46870E-02
6.98537E+06   6.56027E-24    0.00000E+00   1.95789E-29   2.12740E-01   3.64630E-01   9.73289E-02   1.33210E-02
6.76505E+06   6.52269E-24    0.00000E+00   2.05555E-29   2.12920E-01   3.62850E-01   9.34696E-02   1.20503E-02
6.55149E+06   6.48777E-24    0.00000E+00   2.15820E-29   2.12940E-01   3.60000E-01   8.96887E-02   1.08717E-02
6.34445E+06   6.45585E-24    0.00000E+00   2.26612E-29   2.12620E-01   3.56540E-01   8.60179E-02   9.78112E-03
6.14373E+06   6.42724E-24    0.00000E+00   2.37958E-29   2.12440E-01   3.51420E-01   8.21813E-02   8.77509E-03
5.94911E+06   6.40233E-24    0.00000E+00   2.49890E-29   2.12210E-01   3.45230E-01   7.82988E-02   7.84873E-03
5.76042E+06   6.38152E-24    0.00000E+00   2.62439E-29   2.12000E-01   3.38260E-01   7.43600E-02   6.99738E-03
5.57745E+06   6.36521E-24    0.00000E+00   2.75640E-29   2.11830E-01   3.30450E-01   7.03722E-02   6.21687E-03
5.40002E+06   6.35381E-24    0.00000E+00   2.89529E-29   2.11720E-01   3.21880E-01   6.63552E-02   5.50311E-03
5.22797E+06   6.34782E-24    0.00000E+00   3.04145E-29   2.11690E-01   3.12630E-01   6.23345E-02   4.85213E-03
5.06111E+06   6.34784E-24    0.00000E+00   3.19530E-29   2.11750E-01   3.02820E-01   5.83371E-02   4.26323E-03
4.89927E+06   6.35468E-24    0.00000E+00   3.35727E-29   2.11910E-01   2.93410E-01   5.44010E-02   3.72496E-03
4.74228E+06   6.36938E-24    0.00000E+00   3.52784E-29   2.12140E-01   2.82460E-01   5.05201E-02   3.23880E-03
4.58999E+06   6.39189E-24    0.00000E+00   3.70753E-29   2.12470E-01   2.71330E-01   4.67245E-02   2.80179E-03
4.44221E+06   6.42615E-24    0.00000E+00   3.89690E-29   2.12750E-01   2.60430E-01   4.31292E-02   2.40951E-03
4.29874E+06   6.47303E-24    0.00000E+00   4.09659E-29   2.12980E-01   2.48810E-01   3.95567E-02   2.05902E-03
4.15943E+06   6.53468E-24    0.00000E+00   4.30730E-29   2.13110E-01   2.37010E-01   3.61136E-02   1.74754E-03
4.02412E+06   6.61351E-24    0.00000E+00   4.52974E-29   2.13090E-01   2.25040E-01   3.28108E-02   1.47223E-03
3.89265E+06   6.71224E-24    0.00000E+00   4.76475E-29   2.12850E-01   2.12940E-01   2.96581E-02   1.23037E-03
3.76487E+06   6.83398E-24    0.00000E+00   5.01322E-29   2.12310E-01   2.00720E-01   2.66638E-02   1.01933E-03
3.64064E+06   6.98233E-24    0.00000E+00   5.27612E-29   2.11430E-01   1.88440E-01   2.38338E-02   8.36465E-04
3.51981E+06   7.16124E-24    0.00000E+00   5.55451E-29   2.10130E-01   1.76140E-01   2.11736E-02   6.79330E-04
3.40225E+06   7.37561E-24    0.00000E+00   5.84957E-29   2.08330E-01   1.63880E-01   1.86860E-02   5.45495E-04
3.28785E+06   7.63055E-24    0.00000E+00   6.16258E-29   2.05970E-01   1.51750E-01   1.63773E-02   4.32660E-04
3.17649E+06   7.93174E-24    0.00000E+00   6.49490E-29   2.02960E-01   1.40420E-01   1.42420E-02   3.38607E-04
3.06809E+06   8.28521E-24    0.00000E+00   6.84801E-29   1.99260E-01   1.28630E-01   1.22817E-02   2.61212E-04
2.96259E+06   8.69719E-24    0.00000E+00   7.22345E-29   1.94830E-01   1.17320E-01   1.04994E-02   1.98434E-04
2.85993E+06   9.17411E-24    0.00000E+00   7.62282E-29   1.89670E-01   1.06560E-01   8.89335E-03   1.48317E-04
2.76010E+06   9.72273E-24    0.00000E+00   8.04782E-29   1.83780E-01   9.64162E-02   7.46040E-03   1.08990E-04
2.66306E+06   1.03505E-23    0.00000E+00   8.50018E-29   1.77270E-01   8.69346E-02   6.19524E-03   7.86906E-05
2.56881E+06   1.10651E-23    0.00000E+00   8.98170E-29   1.70260E-01   7.81225E-02   5.09082E-03   5.57920E-05
2.47732E+06   1.18756E-23    0.00000E+00   9.49427E-29   1.62820E-01   6.99603E-02   4.13804E-03   3.88296E-05
2.38861E+06   1.27882E-23    0.00000E+00   1.00398E-28   1.55100E-01   6.24368E-02   3.32749E-03   2.65322E-05
2.30272E+06   1.38027E-23    0.00000E+00   1.06199E-28   1.47170E-01   5.55537E-02   2.64884E-03   1.78157E-05
2.21977E+06   1.49063E-23    0.00000E+00   1.12356E-28   1.39330E-01   4.93337E-02   2.09098E-03   1.17819E-05
2.13994E+06   1.60682E-23    0.00000E+00   1.18874E-28   1.31780E-01   4.38061E-02   1.64136E-03   7.70051E-06
2.06343E+06   1.72402E-23    0.00000E+00   1.25744E-28   1.24410E-01   3.89825E-02   1.28580E-03   4.99523E-06
1.99039E+06   1.83656E-23    0.00000E+00   1.32952E-28   1.18190E-01   3.48319E-02   1.00886E-03   3.22905E-06
1.92083E+06   1.93945E-23    0.00000E+00   1.40487E-28   1.12980E-01   3.12776E-02   7.95022E-04   2.08570E-06
1.85464E+06   2.02972E-23    0.00000E+00   1.48341E-28   1.08680E-01   2.82121E-02   6.29944E-04   1.34716E-06
1.79156E+06   2.10700E-23    0.00000E+00   1.56525E-28   1.05340E-01   2.55362E-02   5.01805E-04   8.69132E-07
1.73131E+06   2.17295E-23    0.00000E+00   1.65061E-28   1.02820E-01   2.31132E-02   4.00829E-04   5.58769E-07
1.67357E+06   2.23018E-23    0.00000E+00   1.73981E-28   1.00970E-01   2.09004E-02   3.20263E-04   3.56989E-07
1.61808E+06   2.28136E-23    0.00000E+00   1.83324E-28   9.96585E-02   1.88470E-02   2.55576E-04   2.26060E-07
1.56464E+06   2.32862E-23    0.00000E+00   1.93129E-28   9.87464E-02   1.69259E-02   2.03344E-04   1.41585E-07
1.51309E+06   2.37341E-23    0.00000E+00   2.03434E-28   9.81593E-02   1.51255E-02   1.61108E-04   8.75705E-08
1.46333E+06   2.41652E-23    0.00000E+00   2.14274E-28   9.78258E-02   1.34436E-02   1.27014E-04   5.34285E-08
1.41526E+06   2.45825E-23    0.00000E+00   2.25680E-28   9.75394E-02   1.18817E-02   9.95976E-05   3.21329E-08
1.36882E+06   2.49857E-23    0.00000E+00   2.37683E-28   9.74658E-02   1.04419E-02   7.76624E-05   1.90403E-08
1.32395E+06   2.53731E-23    0.00000E+00   2.50312E-28   9.74606E-02   9.12497E-03   6.02114E-05   1.11116E-08
1.28061E+06   2.57422E-23    0.00000E+00   2.63595E-28   9.73061E-02   7.93011E-03   4.64099E-05   6.38442E-09
1.23874E+06   2.60903E-23    0.00000E+00   2.77562E-28   9.73886E-02   6.85450E-03   3.55605E-05   3.61048E-09
1.19829E+06   2.64144E-23    0.00000E+00   2.92244E-28   9.73262E-02   5.89366E-03   2.70841E-05   2.00898E-09
1.15923E+06   2.67110E-23    0.00000E+00   3.07673E-28   9.71933E-02   5.04174E-03   2.05029E-05   1.09958E-09
1.12150E+06   2.69764E-23    0.00000E+00   3.23884E-28   9.69911E-02   4.29188E-03   1.54257E-05   5.91831E-10
1.08506E+06   2.72061E-23    0.00000E+00   3.40913E-28   9.66957E-02   3.63646E-03   1.15341E-05   3.13204E-10
1.04989E+06   2.73950E-23    0.00000E+00   3.58794E-28   9.63310E-02   3.06746E-03   8.57070E-06   1.62939E-10
1.01593E+06   2.75380E-23    0.00000E+00   3.77564E-28   9.57890E-02   2.57662E-03   6.32900E-06   8.33158E-11
9.83160E+05   2.76307E-23    0.00000E+00   7.56161E-28   9.52939E-02   2.15567E-03   4.64425E-06   4.18651E-11
9.51531E+05   2.76708E-23    0.00000E+00   7.89962E-28   9.48737E-02   1.79650E-03   3.38610E-06   2.06665E-11
9.21002E+05   2.76594E-23    0.00000E+00   8.25215E-28   9.43665E-02   1.49139E-03   2.45246E-06   1.00173E-11
8.91526E+05   2.76014E-23    0.00000E+00   8.61985E-28   9.39140E-02   1.23315E-03   1.76367E-06   4.76419E-12
8.63052E+05   2.75055E-23    0.00000E+00   9.00350E-28   9.35220E-02   1.01527E-03   1.25881E-06   2.22100E-12
8.35529E+05   2.73841E-23    0.00000E+00   9.40399E-28   9.31948E-02   8.31979E-04   8.91194E-07   1.01368E-12
8.08900E+05   2.72523E-23    0.00000E+00   9.82237E-28   9.27948E-02   6.78270E-04   6.25434E-07   4.51307E-13
7.83114E+05   2.71266E-23    0.00000E+00   1.02598E-27   9.24217E-02   5.49833E-04   4.34830E-07   1.96616E-13
7.58120E+05   2.70235E-23    0.00000E+00   1.07177E-27   9.19775E-02   4.42992E-04   2.99335E-07   8.34870E-14
7.33870E+05   2.69587E-23    3.25604E-33   1.11974E-27   9.13993E-02   3.54612E-04   2.03956E-07   3.45044E-14
7.10327E+05   2.69450E-23    4.75125E-33   1.17004E-27   9.06231E-02   2.81999E-04   1.37533E-07   1.38639E-14
6.87456E+05   2.69921E-23    6.99105E-33   1.22283E-27   8.96334E-02   2.22826E-04   9.17993E-08   5.40850E-15
6.65232E+05   2.71048E-23    1.03754E-32   1.27826E-27   8.83294E-02   1.75037E-04   6.06820E-08   2.04993E-15
6.43641E+05   2.72827E-23    1.55334E-32   1.33647E-27   8.67672E-02   1.36828E-04   3.97594E-08   7.54605E-16
6.22671E+05   2.75200E-23    2.34607E-32   1.39760E-27   8.48732E-02   1.06587E-04   2.58510E-08   2.69967E-16
6.02321E+05   2.78062E-23    3.57413E-32   1.46177E-27   8.27118E-02   8.28844E-05   1.67017E-08   9.39697E-17
5.82589E+05   2.81279E-23    5.49084E-32   1.52907E-27   8.03211E-02   6.44661E-05   1.07373E-08   3.18679E-17
5.63474E+05   2.84705E-23    8.50274E-32   1.59959E-27   7.77343E-02   5.02511E-05   6.87793E-09   1.05451E-17
5.44973E+05   2.88208E-23    1.32648E-31   1.67343E-27   7.49236E-02   3.93397E-05   4.39456E-09   3.40938E-18
5.27078E+05   2.91692E-23    2.08355E-31   1.75068E-27   7.20050E-02   3.09603E-05   2.80282E-09   1.07824E-18
5.09774E+05   2.95120E-23    3.29321E-31   1.83144E-27   6.89370E-02   2.45264E-05   1.78504E-09   3.33797E-19
4.93041E+05   2.98519E-23    5.23506E-31   1.91525E-27   6.57101E-02   1.95674E-05   1.13514E-09   1.01188E-19
4.76854E+05   3.01991E-23    8.36605E-31   2.00195E-27   6.23064E-02   1.57210E-05   7.20482E-10   3.00379E-20
4.61184E+05   3.05702E-23    1.34356E-30   2.09258E-27   5.87286E-02   1.27131E-05   4.56092E-10   8.73058E-21
4.45998E+05   3.09887E-23    2.16761E-30   2.18739E-27   5.49228E-02   1.03384E-05   2.87693E-10   2.48432E-21
4.31265E+05   3.14827E-23    3.51162E-30   2.28670E-27   5.08891E-02   8.44501E-06   1.80633E-10   6.92244E-22
4.16952E+05   3.20840E-23    5.70930E-30   2.39086E-27   4.66652E-02   6.92088E-06   1.12770E-10   1.89034E-22
4.03033E+05   3.28254E-23    9.30762E-30   2.50028E-27   4.22912E-02   5.68399E-06   6.99377E-11   5.06694E-23
3.89483E+05   3.37386E-23    1.51969E-29   6.31332E-27   3.78292E-02   4.67400E-06   4.30566E-11   1.33641E-23
3.76286E+05   3.48508E-23    2.48102E-29   6.60269E-27   3.33733E-02   3.84625E-06   2.63035E-11   3.47913E-24
3.63433E+05   3.61816E-23    4.04188E-29   6.90755E-27   2.90211E-02   3.16711E-06   1.59458E-11   8.96899E-25
3.50924E+05   3.77384E-23    6.55515E-29   7.22875E-27   2.48820E-02   2.61065E-06   9.59758E-12   2.29586E-25
3.38765E+05   3.95132E-23    1.05561E-28   7.56701E-27   2.10422E-02   2.15620E-06   5.74090E-12   5.84475E-26
3.26970E+05   4.14811E-23    1.68357E-28   7.92279E-27   1.75871E-02   1.78662E-06   3.41725E-12   1.48010E-26
3.15553E+05   4.36011E-23    2.65318E-28   8.29635E-27   1.45423E-02   1.48732E-06   2.02725E-12   3.72447E-27
3.04529E+05   4.58201E-23    4.12392E-28   8.68778E-27   1.19251E-02   1.24575E-06   1.20040E-12   9.29570E-28
2.93908E+05   4.80784E-23    6.31414E-28   9.09705E-27   9.72246E-03   1.05112E-06   6.98518E-13   6.45488E-30
2.83692E+05   5.03159E-23    9.51671E-28   9.52414E-27   7.89817E-03   8.94279E-07   4.11428E-13   9.20000E-31
2.73880E+05   5.24774E-23    1.41174E-27   9.96909E-27   6.40606E-03   7.67627E-07   2.42156E-13   1.25417E-31
2.64463E+05   5.45161E-23    2.06165E-27   1.04321E-26   5.19578E-03   6.64963E-07   1.42398E-13   1.63528E-32
2.55428E+05   5.63954E-23    2.96520E-27   1.09135E-26   4.22047E-03   5.81312E-07   8.36187E-14   2.03146E-33
2.46760E+05   5.80866E-23    4.20258E-27   1.14140E-26   3.43751E-03   5.12749E-07   4.89994E-14   2.32449E-34
2.38443E+05   5.95710E-23    5.87313E-27   1.19342E-26   2.81012E-03   4.56178E-07   2.86286E-14   1.15016E-35
2.30458E+05   6.08388E-23    8.09825E-27   1.24753E-26   2.30754E-03   4.09166E-07   1.66616E-14   0.00000E+00
2.22788E+05   6.18882E-23    1.10246E-26   1.30382E-26   1.90450E-03   3.69798E-07   9.64959E-15   0.00000E+00
2.15416E+05   6.27239E-23    1.48275E-26   1.36241E-26   1.58123E-03   3.36573E-07   5.55573E-15   0.00000E+00
2.08326E+05   6.33552E-23    1.97135E-26   1.42343E-26   1.32003E-03   3.08306E-07   3.17689E-15   0.00000E+00
2.01501E+05   6.37953E-23    2.59237E-26   1.48702E-26   1.10843E-03   2.84061E-07   1.80266E-15   0.00000E+00
1.94929E+05   6.40596E-23    3.37350E-26   1.55333E-26   9.36571E-04   2.63093E-07   1.01426E-15   0.00000E+00
1.88595E+05   6.41645E-23    4.34610E-26   1.62253E-26   7.96290E-04   2.44809E-07   5.65536E-16   0.00000E+00
1.82487E+05   6.41266E-23    5.54495E-26   1.69477E-26   6.81912E-04   2.28737E-07   3.12384E-16   0.00000E+00
1.76594E+05   6.39622E-23    7.00808E-26   1.77021E-26   5.86570E-04   2.14495E-07   1.70922E-16   0.00000E+00
1.70906E+05   6.36873E-23    8.77591E-26   1.84903E-26   5.07462E-04   2.01774E-07   9.26623E-17   0.00000E+00
1.65413E+05   6.33162E-23    1.08903E-25   1.93141E-26   4.41405E-04   1.90326E-07   4.98083E-17   0.00000E+00
1.60106E+05   6.28621E-23    1.33935E-25   2.01754E-26   3.85890E-04   1.79947E-07   2.65777E-17   0.00000E+00
1.54979E+05   6.23360E-23    1.63260E-25   2.10761E-26   3.38941E-04   1.70476E-07   1.41037E-17   0.00000E+00
1.50022E+05   6.17480E-23    1.97255E-25   2.20183E-26   2.98995E-04   1.61779E-07   7.46074E-18   0.00000E+00
1.45230E+05   6.11061E-23    2.36241E-25   2.30043E-26   2.64810E-04   1.53748E-07   3.94589E-18   0.00000E+00
1.40597E+05   6.04163E-23    2.80461E-25   2.40364E-26   2.35405E-04   1.46297E-07   2.09341E-18   0.00000E+00
1.36116E+05   5.96818E-23    3.30058E-25   2.51169E-26   2.09992E-04   1.39360E-07   1.11775E-18   0.00000E+00
1.31783E+05   5.89058E-23    3.85041E-25   2.62486E-26   1.87933E-04   1.32878E-07   6.02306E-19   0.00000E+00
1.27593E+05   5.80894E-23    4.45270E-25   2.74341E-26   1.68716E-04   1.26809E-07   1.15335E-19   0.00000E+00
1.23542E+05   5.72355E-23    5.10665E-25   2.86763E-26   1.51894E-04   1.21106E-07   4.98810E-20   0.00000E+00
1.19624E+05   5.63436E-23    5.80679E-25   2.99784E-26   1.37146E-04   1.15743E-07   2.10544E-20   0.00000E+00
1.15836E+05   5.54104E-23    6.54375E-25   3.13434E-26   1.24195E-04   1.10700E-07   8.66827E-21   0.00000E+00
1.12175E+05   5.44369E-23    7.30936E-25   3.27744E-26   1.12800E-04   1.05914E-07   3.47865E-21   0.00000E+00
1.08635E+05   5.34226E-23    8.09349E-25   3.42748E-26   1.02779E-04   1.01451E-07   1.35981E-21   0.00000E+00
1.05213E+05   5.23701E-23    8.88461E-25   3.58481E-26   9.39167E-05   9.71820E-08   5.17378E-22   0.00000E+00
1.01906E+05   5.12769E-23    9.67027E-25   3.74980E-26   8.61036E-05   9.31486E-08   1.91475E-22   0.00000E+00
9.87090E+04   5.01462E-23    1.04377E-24   3.92286E-26   7.92103E-05   8.93295E-08   6.88734E-23   0.00000E+00
9.56200E+04   4.89801E-23    1.11743E-24   4.10440E-26   7.31342E-05   8.57078E-08   2.40574E-23   0.00000E+00
9.26330E+04   4.77850E-23    1.18680E-24   4.29488E-26   6.77710E-05   8.22606E-08   8.15274E-24   0.00000E+00
8.97470E+04   4.65647E-23    1.25080E-24   4.49476E-26   6.30458E-05   7.89738E-08   2.67715E-24   0.00000E+00
8.69560E+04   4.53284E-23    1.30847E-24   4.70455E-26   5.88730E-05   7.58218E-08   8.38536E-25   0.00000E+00
8.42580E+04   4.40798E-23    1.35902E-24   4.92479E-26   5.51976E-05   7.27938E-08   0.00000E+00   0.00000E+00
8.16480E+04   4.28168E-23    1.40185E-24   5.15609E-26   5.19716E-05   6.98863E-08   0.00000E+00   0.00000E+00
7.91250E+04   4.15609E-23    1.43653E-24   5.39909E-26   4.91078E-05   6.70584E-08   0.00000E+00   0.00000E+00
7.66840E+04   4.03150E-23    1.46245E-24   5.65441E-26   4.66165E-05   6.42925E-08   0.00000E+00   0.00000E+00
7.43220E+04   3.90745E-23    1.47994E-24   5.92283E-26   4.43837E-05   6.15980E-08   0.00000E+00   0.00000E+00
7.20370E+04   3.78460E-23    1.48947E-24   6.20515E-26   4.24056E-05   5.89773E-08   0.00000E+00   0.00000E+00
6.98240E+04   3.66352E-23    1.49094E-24   6.50217E-26   4.06491E-05   5.64113E-08   0.00000E+00   0.00000E+00
6.76800E+04   3.54292E-23    1.48468E-24   6.81480E-26   3.91129E-05   5.39264E-08   0.00000E+00   0.00000E+00
6.56010E+04   3.42431E-23    1.47118E-24   7.14433E-26   3.77256E-05   5.14848E-08   0.00000E+00   0.00000E+00
6.35870E+04   3.31003E-23    1.45102E-24   7.49185E-26   3.64455E-05   4.90282E-08   0.00000E+00   0.00000E+00
6.16350E+04   3.20019E-23    1.42491E-24   7.85818E-26   3.52546E-05   4.58975E-08   0.00000E+00   0.00000E+00
5.97420E+04   3.09488E-23    1.39358E-24   8.24458E-26   3.41289E-05   4.35599E-08   0.00000E+00   0.00000E+00
5.79080E+04   2.99412E-23    1.35783E-24   8.65233E-26   3.30507E-05   4.12344E-08   0.00000E+00   0.00000E+00
5.61300E+04   2.89761E-23    1.31845E-24   9.08281E-26   3.20211E-05   3.89483E-08   0.00000E+00   0.00000E+00
5.44050E+04   2.80579E-23    1.27621E-24   9.53747E-26   3.09957E-05   3.66626E-08   0.00000E+00   0.00000E+00
5.27320E+04   2.71899E-23    1.23186E-24   1.00179E-25   2.99726E-05   3.44032E-08   0.00000E+00   0.00000E+00
5.11090E+04   2.63689E-23    1.18608E-24   1.05256E-25   2.89456E-05   3.21771E-08   0.00000E+00   0.00000E+00
4.95340E+04   2.55948E-23    1.13967E-24   1.10623E-25   2.79185E-05   2.99829E-08   0.00000E+00   0.00000E+00
4.80060E+04   2.48668E-23    1.09314E-24   1.16291E-25   2.68744E-05   2.76043E-08   0.00000E+00   0.00000E+00
4.65230E+04   2.41840E-23    1.04671E-24   1.22269E-25   2.58088E-05   1.29143E-08   0.00000E+00   0.00000E+00
4.50830E+04   2.35463E-23    1.00097E-24   1.28560E-25   2.47349E-05   2.38816E-09   0.00000E+00   0.00000E+00
4.36850E+04   2.29532E-23    9.56137E-25   1.35160E-25   2.36658E-05   1.99838E-09   0.00000E+00   0.00000E+00
4.23280E+04   2.24038E-23    9.12381E-25   1.42052E-25   2.25612E-05   7.56303E-10   0.00000E+00   0.00000E+00
4.10100E+04   2.18969E-23    8.70068E-25   1.49209E-25   2.14242E-05   0.00000E+00   0.00000E+00   0.00000E+00
3.97310E+04   2.14307E-23    8.28855E-25   1.56587E-25   2.02990E-05   0.00000E+00   0.00000E+00   0.00000E+00
3.84880E+04   2.10022E-23    7.88694E-25   1.64126E-25   1.91902E-05   0.00000E+00   0.00000E+00   0.00000E+00
3.72820E+04   2.06086E-23    7.49802E-25   1.71744E-25   1.80797E-05   0.00000E+00   0.00000E+00   0.00000E+00
3.61110E+04   2.02455E-23    7.12003E-25   1.79337E-25   1.69983E-05   0.00000E+00   0.00000E+00   0.00000E+00
3.49760E+04   1.99060E-23    6.75103E-25   1.86778E-25   1.59502E-05   0.00000E+00   0.00000E+00   0.00000E+00
3.38740E+04   1.95843E-23    6.38530E-25   1.93919E-25   1.47960E-05   0.00000E+00   0.00000E+00   0.00000E+00
3.28070E+04   1.92724E-23    6.02114E-25   2.00589E-25   8.99432E-06   0.00000E+00   0.00000E+00   0.00000E+00
3.17740E+04   1.89618E-23    5.66058E-25   2.06608E-25   8.37354E-06   0.00000E+00   0.00000E+00   0.00000E+00
3.07740E+04   1.86465E-23    5.30201E-25   2.11786E-25   7.79590E-06   0.00000E+00   0.00000E+00   0.00000E+00
2.98070E+04   1.83203E-23    4.94416E-25   2.15937E-25   7.25994E-06   0.00000E+00   0.00000E+00   0.00000E+00
2.88730E+04   1.79735E-23    4.58632E-25   2.18897E-25   6.76831E-06   0.00000E+00   0.00000E+00   0.00000E+00
2.79720E+04   1.75978E-23    4.22835E-25   2.20531E-25   6.31883E-06   0.00000E+00   0.00000E+00   0.00000E+00
2.71020E+04   1.71911E-23    3.87065E-25   2.20745E-25   5.90728E-06   0.00000E+00   0.00000E+00   0.00000E+00
2.62650E+04   1.67488E-23    3.51429E-25   2.19493E-25   5.53150E-06   0.00000E+00   0.00000E+00   0.00000E+00
2.54580E+04   1.62667E-23    3.16104E-25   2.16791E-25   5.18860E-06   0.00000E+00   0.00000E+00   0.00000E+00
2.46830E+04   1.57431E-23    2.81327E-25   2.12707E-25   4.87598E-06   0.00000E+00   0.00000E+00   0.00000E+00
2.39360E+04   1.51831E-23    2.47384E-25   2.07354E-25   4.58809E-06   0.00000E+00   0.00000E+00   0.00000E+00
2.32190E+04   1.45941E-23    2.14601E-25   2.00882E-25   4.32075E-06   0.00000E+00   0.00000E+00   0.00000E+00
2.25290E+04   1.39794E-23    1.83341E-25   1.93474E-25   4.06927E-06   0.00000E+00   0.00000E+00   0.00000E+00
2.18650E+04   1.33438E-23    1.53978E-25   1.85334E-25   3.83182E-06   0.00000E+00   0.00000E+00   0.00000E+00
2.12280E+04   1.26930E-23    1.26866E-25   1.76674E-25   3.60571E-06   0.00000E+00   0.00000E+00   0.00000E+00
2.06150E+04   1.20335E-23    1.02315E-25   1.67704E-25   3.38843E-06   0.00000E+00   0.00000E+00   0.00000E+00
2.00250E+04   1.13726E-23    8.07858E-26   1.58621E-25   3.16287E-06   0.00000E+00   0.00000E+00   0.00000E+00
1.94590E+04   1.07163E-23    6.23363E-26   1.49569E-25   2.94364E-06   0.00000E+00   0.00000E+00   0.00000E+00
1.89140E+04   1.00698E-23    4.67260E-26   1.40735E-25   2.72941E-06   0.00000E+00   0.00000E+00   0.00000E+00
1.83910E+04   9.43835E-24    3.39134E-26   1.32252E-25   2.51892E-06   0.00000E+00   0.00000E+00   0.00000E+00
1.78870E+04   8.82845E-24    2.38187E-26   1.24219E-25   2.31691E-06   0.00000E+00   0.00000E+00   0.00000E+00
1.74020E+04   8.24347E-24    1.61530E-26   1.16713E-25   2.11690E-06   0.00000E+00   0.00000E+00   0.00000E+00
1.69360E+04   7.68450E-24    1.05037E-26   1.09789E-25   1.92053E-06   0.00000E+00   0.00000E+00   0.00000E+00
1.64880E+04   7.15398E-24    6.52988E-27   1.03480E-25   1.73352E-06   0.00000E+00   0.00000E+00   0.00000E+00
1.60570E+04   6.65358E-24    3.88552E-27   9.77974E-26   1.55436E-06   0.00000E+00   0.00000E+00   0.00000E+00
1.56410E+04   6.18432E-24    2.21858E-27   9.27380E-26   1.38082E-06   0.00000E+00   0.00000E+00   0.00000E+00
1.52420E+04   5.74573E-24    1.21862E-27   8.82858E-26   1.21629E-06   0.00000E+00   0.00000E+00   0.00000E+00
1.48570E+04   5.33775E-24    6.52232E-28   8.44034E-26   1.06155E-06   0.00000E+00   0.00000E+00   0.00000E+00
1.44870E+04   4.96054E-24    3.45236E-28   8.10481E-26   9.14250E-07   0.00000E+00   0.00000E+00   0.00000E+00
1.41310E+04   4.61301E-24    1.85946E-28   7.81991E-26   7.63809E-07   0.00000E+00   0.00000E+00   0.00000E+00
1.37880E+04   4.29349E-24    1.04660E-28   7.58148E-26   6.02293E-07   0.00000E+00   0.00000E+00   0.00000E+00
1.34570E+04   4.00053E-24    6.21147E-29   7.38521E-26   4.99979E-07   0.00000E+00   0.00000E+00   0.00000E+00
1.31390E+04   3.73245E-24    3.86115E-29   7.22679E-26   4.09381E-07   0.00000E+00   0.00000E+00   0.00000E+00
1.28320E+04   3.48795E-24    2.46522E-29   7.10195E-26   3.31416E-07   0.00000E+00   0.00000E+00   0.00000E+00
1.25360E+04   3.26562E-24    1.58957E-29   7.00660E-26   2.64778E-07   0.00000E+00   0.00000E+00   0.00000E+00
1.22500E+04   3.06333E-24    1.02267E-29   6.93513E-26   2.09276E-07   0.00000E+00   0.00000E+00   0.00000E+00
1.19740E+04   2.87925E-24    6.53006E-30   6.88550E-26   1.62828E-07   0.00000E+00   0.00000E+00   0.00000E+00
1.17080E+04   2.71182E-24    4.12581E-30   6.85466E-26   1.15737E-07   0.00000E+00   0.00000E+00   0.00000E+00
1.14510E+04   2.55935E-24    2.60541E-30   6.83964E-26   6.79192E-08   0.00000E+00   0.00000E+00   0.00000E+00
1.12020E+04   2.42078E-24    1.63344E-30   6.83774E-26   5.36801E-08   0.00000E+00   0.00000E+00   0.00000E+00
1.09620E+04   2.29480E-24    9.96124E-31   6.84658E-26   4.21934E-08   0.00000E+00   0.00000E+00   0.00000E+00
1.07290E+04   2.17964E-24    6.01465E-31   6.86402E-26   3.30754E-08   0.00000E+00   0.00000E+00   0.00000E+00
1.05030E+04   2.07435E-24    3.59434E-31   6.88821E-26   2.58652E-08   0.00000E+00   0.00000E+00   0.00000E+00
1.02840E+04   1.97786E-24    2.12487E-31   6.91751E-26   2.02335E-08   0.00000E+00   0.00000E+00   0.00000E+00
1.00720E+04   1.88900E-24    1.24347E-31   6.95049E-26   1.58438E-08   0.00000E+00   0.00000E+00   0.00000E+00
9.86680E+03   1.80690E-24    7.20286E-32   6.98445E-26   1.23979E-08   0.00000E+00   0.00000E+00   0.00000E+00
9.66710E+03   1.73069E-24    2.60956E-32   7.01903E-26   7.45928E-09   0.00000E+00   0.00000E+00   0.00000E+00
9.47310E+03   1.65983E-24    0.00000E+00   7.05415E-26   6.16744E-09   0.00000E+00   0.00000E+00   0.00000E+00
9.28450E+03   1.59379E-24    0.00000E+00   7.08905E-26   4.95297E-09   0.00000E+00   0.00000E+00   0.00000E+00
9.10110E+03   1.53194E-24    0.00000E+00   7.12308E-26   1.90316E-09   0.00000E+00   0.00000E+00   0.00000E+00
8.92260E+03   1.47393E-24    0.00000E+00   7.15568E-26   2.90228E-10   0.00000E+00   0.00000E+00   0.00000E+00
8.74890E+03   1.41935E-24    0.00000E+00   7.18639E-26   1.93793E-10   0.00000E+00   0.00000E+00   0.00000E+00
8.57960E+03   1.36783E-24    0.00000E+00   7.21484E-26   1.18596E-10   0.00000E+00   0.00000E+00   0.00000E+00
8.41480E+03   1.31908E-24    0.00000E+00   7.24068E-26   0.00000E+00   0.00000E+00   0.00000E+00   0.00000E+00
8.25400E+03   1.27288E-24    0.00000E+00   7.26367E-26   0.00000E+00   0.00000E+00   0.00000E+00   0.00000E+00
8.09720E+03   1.22902E-24    0.00000E+00   7.28356E-26   0.00000E+00   0.00000E+00   0.00000E+00   0.00000E+00
7.94420E+03   1.18729E-24    0.00000E+00   7.30020E-26   0.00000E+00   0.00000E+00   0.00000E+00   0.00000E+00
7.79490E+03   1.14758E-24    0.00000E+00   7.31344E-26   0.00000E+00   0.00000E+00   0.00000E+00   0.00000E+00
7.64900E+03   1.10977E-24    0.00000E+00   7.32317E-26   0.00000E+00   0.00000E+00   0.00000E+00   0.00000E+00
7.50650E+03   1.07364E-24    0.00000E+00   7.32930E-26   0.00000E+00   0.00000E+00   0.00000E+00   0.00000E+00
7.36710E+03   1.03907E-24    0.00000E+00   7.32872E-26   0.00000E+00   0.00000E+00   0.00000E+00   0.00000E+00
7.23090E+03   1.00603E-24    0.00000E+00   7.32431E-26   0.00000E+00   0.00000E+00   0.00000E+00   0.00000E+00
7.09760E+03   9.74451E-25    0.00000E+00   7.31617E-26   0.00000E+00   0.00000E+00   0.00000E+00   0.00000E+00
6.96710E+03   9.44225E-25    0.00000E+00   7.30432E-26   0.00000E+00   0.00000E+00   0.00000E+00   0.00000E+00
6.83930E+03   9.15284E-25    0.00000E+00   7.28875E-26   0.00000E+00   0.00000E+00   0.00000E+00   0.00000E+00
6.71410E+03   8.87550E-25    0.00000E+00   7.26950E-26   0.00000E+00   0.00000E+00   0.00000E+00   0.00000E+00
6.59140E+03   8.60961E-25    0.00000E+00   7.24660E-26   0.00000E+00   0.00000E+00   0.00000E+00   0.00000E+00
6.47110E+03   8.35453E-25    0.00000E+00   7.22009E-26   0.00000E+00   0.00000E+00   0.00000E+00   0.00000E+00
6.35310E+03   8.10966E-25    0.00000E+00   7.19002E-26   0.00000E+00   0.00000E+00   0.00000E+00   0.00000E+00
6.23730E+03   7.87443E-25    0.00000E+00   7.15646E-26   0.00000E+00   0.00000E+00   0.00000E+00   0.00000E+00
6.12360E+03   7.64833E-25    0.00000E+00   7.11947E-26   0.00000E+00   0.00000E+00   0.00000E+00   0.00000E+00
6.01190E+03   7.43085E-25    0.00000E+00   7.07914E-26   0.00000E+00   0.00000E+00   0.00000E+00   0.00000E+00
5.90220E+03   7.22148E-25    0.00000E+00   7.03554E-26   0.00000E+00   0.00000E+00   0.00000E+00   0.00000E+00
5.79440E+03   7.01978E-25    0.00000E+00   6.98876E-26   0.00000E+00   0.00000E+00   0.00000E+00   0.00000E+00
5.68840E+03   6.82539E-25    0.00000E+00   6.93891E-26   0.00000E+00   0.00000E+00   0.00000E+00   0.00000E+00
5.58410E+03   6.63784E-25    0.00000E+00   6.88607E-26   0.00000E+00   0.00000E+00   0.00000E+00   0.00000E+00
5.48150E+03   6.45677E-25    0.00000E+00   6.83035E-26   0.00000E+00   0.00000E+00   0.00000E+00   0.00000E+00
5.38060E+03   6.28182E-25    0.00000E+00   6.77186E-26   0.00000E+00   0.00000E+00   0.00000E+00   0.00000E+00
5.28120E+03   6.11274E-25    0.00000E+00   6.71071E-26   0.00000E+00   0.00000E+00   0.00000E+00   0.00000E+00
5.18330E+03   5.94919E-25    0.00000E+00   6.64701E-26   0.00000E+00   0.00000E+00   0.00000E+00   0.00000E+00
5.08690E+03   5.79082E-25    0.00000E+00   6.58088E-26   0.00000E+00   0.00000E+00   0.00000E+00   0.00000E+00
4.99200E+03   5.63737E-25    0.00000E+00   6.51212E-26   0.00000E+00   0.00000E+00   0.00000E+00   0.00000E+00
4.89840E+03   5.48860E-25    0.00000E+00   6.43774E-26   0.00000E+00   0.00000E+00   0.00000E+00   0.00000E+00
4.80620E+03   5.34431E-25    0.00000E+00   6.36136E-26   0.00000E+00   0.00000E+00   0.00000E+00   0.00000E+00
4.71540E+03   5.20429E-25    0.00000E+00   6.28311E-26   0.00000E+00   0.00000E+00   0.00000E+00   0.00000E+00
4.62580E+03   5.06831E-25    0.00000E+00   6.20312E-26   0.00000E+00   0.00000E+00   0.00000E+00   0.00000E+00
4.53740E+03   4.93618E-25    0.00000E+00   6.12150E-26   0.00000E+00   0.00000E+00   0.00000E+00   0.00000E+00
4.45030E+03   4.80785E-25    0.00000E+00   6.03840E-26   0.00000E+00   0.00000E+00   0.00000E+00   0.00000E+00
4.36440E+03   4.68318E-25    0.00000E+00   5.95394E-26   0.00000E+00   0.00000E+00   0.00000E+00   0.00000E+00
4.27960E+03   4.56206E-25    0.00000E+00   5.86825E-26   0.00000E+00   0.00000E+00   0.00000E+00   0.00000E+00
4.19600E+03   4.44436E-25    0.00000E+00   5.78148E-26   0.00000E+00   0.00000E+00   0.00000E+00   0.00000E+00
4.11350E+03   4.32999E-25    0.00000E+00   5.69376E-26   0.00000E+00   0.00000E+00   0.00000E+00   0.00000E+00
4.03220E+03   4.21884E-25    0.00000E+00   5.60522E-26   0.00000E+00   0.00000E+00   0.00000E+00   0.00000E+00
3.95190E+03   4.11083E-25    0.00000E+00   5.51599E-26   0.00000E+00   0.00000E+00   0.00000E+00   0.00000E+00
3.87260E+03   4.00588E-25    0.00000E+00   5.42622E-26   0.00000E+00   0.00000E+00   0.00000E+00   0.00000E+00
3.79440E+03   3.90393E-25    0.00000E+00   5.33604E-26   0.00000E+00   0.00000E+00   0.00000E+00   0.00000E+00
3.71730E+03   3.80489E-25    0.00000E+00   5.24557E-26   0.00000E+00   0.00000E+00   0.00000E+00   0.00000E+00
3.64120E+03   3.70871E-25    0.00000E+00   5.15496E-26   0.00000E+00   0.00000E+00   0.00000E+00   0.00000E+00
3.56610E+03   3.61532E-25    0.00000E+00   5.06434E-26   0.00000E+00   0.00000E+00   0.00000E+00   0.00000E+00
3.49190E+03   3.52467E-25    0.00000E+00   4.97383E-26   0.00000E+00   0.00000E+00   0.00000E+00   0.00000E+00
3.41880E+03   3.43670E-25    0.00000E+00   4.88355E-26   0.00000E+00   0.00000E+00   0.00000E+00   0.00000E+00
3.34670E+03   3.35139E-25    0.00000E+00   4.79365E-26   0.00000E+00   0.00000E+00   0.00000E+00   0.00000E+00
3.27550E+03   3.26866E-25    0.00000E+00   4.70423E-26   0.00000E+00   0.00000E+00   0.00000E+00   0.00000E+00
3.20530E+03   3.18843E-25    0.00000E+00   4.61542E-26   0.00000E+00   0.00000E+00   0.00000E+00   0.00000E+00
3.13600E+03   3.11064E-25    0.00000E+00   4.52733E-26   0.00000E+00   0.00000E+00   0.00000E+00   0.00000E+00
3.06770E+03   3.03526E-25    0.00000E+00   4.44007E-26   0.00000E+00   0.00000E+00   0.00000E+00   0.00000E+00
3.00030E+03   2.96224E-25    0.00000E+00   4.35374E-26   0.00000E+00   0.00000E+00   0.00000E+00   0.00000E+00
2.93390E+03   2.89151E-25    0.00000E+00   4.26298E-26   0.00000E+00   0.00000E+00   0.00000E+00   0.00000E+00
2.86840E+03   2.82302E-25    0.00000E+00   4.17351E-26   0.00000E+00   0.00000E+00   0.00000E+00   0.00000E+00
2.80390E+03   2.75671E-25    0.00000E+00   4.08543E-26   0.00000E+00   0.00000E+00   0.00000E+00   0.00000E+00
2.74030E+03   2.69252E-25    0.00000E+00   3.99882E-26   0.00000E+00   0.00000E+00   0.00000E+00   0.00000E+00
2.67760E+03   2.63038E-25    0.00000E+00   3.91376E-26   0.00000E+00   0.00000E+00   0.00000E+00   0.00000E+00
2.61590E+03   2.57023E-25    0.00000E+00   3.83032E-26   0.00000E+00   0.00000E+00   0.00000E+00   0.00000E+00
2.55510E+03   2.51201E-25    0.00000E+00   3.74854E-26   0.00000E+00   0.00000E+00   0.00000E+00   0.00000E+00
2.49530E+03   2.45564E-25    0.00000E+00   3.66849E-26   0.00000E+00   0.00000E+00   0.00000E+00   0.00000E+00
2.43640E+03   2.40106E-25    0.00000E+00   3.59021E-26   0.00000E+00   0.00000E+00   0.00000E+00   0.00000E+00
2.37840E+03   2.34821E-25    0.00000E+00   3.51373E-26   0.00000E+00   0.00000E+00   0.00000E+00   0.00000E+00
2.32140E+03   2.29704E-25    0.00000E+00   3.43908E-26   0.00000E+00   0.00000E+00   0.00000E+00   0.00000E+00
2.26530E+03   2.24745E-25    0.00000E+00   3.36629E-26   0.00000E+00   0.00000E+00   0.00000E+00   0.00000E+00
2.21020E+03   2.19933E-25    0.00000E+00   3.29538E-26   0.00000E+00   0.00000E+00   0.00000E+00   0.00000E+00
2.15600E+03   2.15266E-25    0.00000E+00   3.22634E-26   0.00000E+00   0.00000E+00   0.00000E+00   0.00000E+00
2.10270E+03   2.10737E-25    0.00000E+00   3.15920E-26   0.00000E+00   0.00000E+00   0.00000E+00   0.00000E+00
2.05050E+03   2.06339E-25    0.00000E+00   3.09393E-26   0.00000E+00   0.00000E+00   0.00000E+00   0.00000E+00
1.99910E+03   2.02066E-25    0.00000E+00   3.03054E-26   0.00000E+00   0.00000E+00   0.00000E+00   0.00000E+00
1.94870E+03   1.97912E-25    0.00000E+00   2.96901E-26   0.00000E+00   0.00000E+00   0.00000E+00   0.00000E+00
1.89930E+03   1.93870E-25    0.00000E+00   2.90932E-26   0.00000E+00   0.00000E+00   0.00000E+00   0.00000E+00
1.85080E+03   1.89934E-25    0.00000E+00   2.85145E-26   0.00000E+00   0.00000E+00   0.00000E+00   0.00000E+00
1.80330E+03   1.86098E-25    0.00000E+00   2.79538E-26   0.00000E+00   0.00000E+00   0.00000E+00   0.00000E+00
1.75670E+03   1.82357E-25    0.00000E+00   2.74107E-26   0.00000E+00   0.00000E+00   0.00000E+00   0.00000E+00
1.71100E+03   1.78706E-25    0.00000E+00   2.68849E-26   0.00000E+00   0.00000E+00   0.00000E+00   0.00000E+00
1.66630E+03   1.75140E-25    0.00000E+00   2.63760E-26   0.00000E+00   0.00000E+00   0.00000E+00   0.00000E+00
1.62250E+03   1.71653E-25    0.00000E+00   2.58836E-26   0.00000E+00   0.00000E+00   0.00000E+00   0.00000E+00
1.57960E+03   1.68244E-25    0.00000E+00   2.54075E-26   0.00000E+00   0.00000E+00   0.00000E+00   0.00000E+00
1.53770E+03   1.64905E-25    0.00000E+00   2.49470E-26   0.00000E+00   0.00000E+00   0.00000E+00   0.00000E+00
1.49660E+03   1.61634E-25    0.00000E+00   2.45018E-26   0.00000E+00   0.00000E+00   0.00000E+00   0.00000E+00
1.45650E+03   1.58426E-25    0.00000E+00   2.40714E-26   0.00000E+00   0.00000E+00   0.00000E+00   0.00000E+00
1.41730E+03   1.55278E-25    0.00000E+00   2.36554E-26   0.00000E+00   0.00000E+00   0.00000E+00   0.00000E+00
1.37890E+03   1.52187E-25    0.00000E+00   2.32534E-26   0.00000E+00   0.00000E+00   0.00000E+00   0.00000E+00
1.34150E+03   1.49148E-25    0.00000E+00   2.28647E-26   0.00000E+00   0.00000E+00   0.00000E+00   0.00000E+00
1.30490E+03   1.46162E-25    0.00000E+00   2.24891E-26   0.00000E+00   0.00000E+00   0.00000E+00   0.00000E+00
1.26920E+03   1.43224E-25    0.00000E+00   2.21260E-26   0.00000E+00   0.00000E+00   0.00000E+00   0.00000E+00
1.23430E+03   1.40332E-25    0.00000E+00   2.17750E-26   0.00000E+00   0.00000E+00   0.00000E+00   0.00000E+00
1.20020E+03   1.37484E-25    0.00000E+00   2.14357E-26   0.00000E+00   0.00000E+00   0.00000E+00   0.00000E+00
1.16700E+03   1.34678E-25    0.00000E+00   2.11076E-26   0.00000E+00   0.00000E+00   0.00000E+00   0.00000E+00
1.13460E+03   1.31913E-25    0.00000E+00   2.07902E-26   0.00000E+00   0.00000E+00   0.00000E+00   0.00000E+00
1.10300E+03   1.29187E-25    0.00000E+00   2.04831E-26   0.00000E+00   0.00000E+00   0.00000E+00   0.00000E+00
1.07220E+03   1.26498E-25    0.00000E+00   2.01860E-26   0.00000E+00   0.00000E+00   0.00000E+00   0.00000E+00
1.04220E+03   1.23844E-25    0.00000E+00   1.98984E-26   0.00000E+00   0.00000E+00   0.00000E+00   0.00000E+00
1.01290E+03   1.21225E-25    0.00000E+00   1.96199E-26   0.00000E+00   0.00000E+00   0.00000E+00   0.00000E+00
9.84370E+02   1.18639E-25    0.00000E+00   1.93328E-26   0.00000E+00   0.00000E+00   0.00000E+00   0.00000E+00
9.56570E+02   1.16084E-25    0.00000E+00   1.90405E-26   0.00000E+00   0.00000E+00   0.00000E+00   0.00000E+00
9.29500E+02   1.13559E-25    0.00000E+00   1.87570E-26   0.00000E+00   0.00000E+00   0.00000E+00   0.00000E+00
9.03140E+02   1.11064E-25    0.00000E+00   1.84820E-26   0.00000E+00   0.00000E+00   0.00000E+00   0.00000E+00
8.77470E+02   1.08596E-25    0.00000E+00   1.82149E-26   0.00000E+00   0.00000E+00   0.00000E+00   0.00000E+00
8.52470E+02   1.06155E-25    0.00000E+00   1.79554E-26   0.00000E+00   0.00000E+00   0.00000E+00   0.00000E+00
8.28150E+02   1.03740E-25    0.00000E+00   1.77031E-26   0.00000E+00   0.00000E+00   0.00000E+00   0.00000E+00
8.04470E+02   1.01350E-25    0.00000E+00   1.74577E-26   0.00000E+00   0.00000E+00   0.00000E+00   0.00000E+00
7.81430E+02   9.89834E-26    0.00000E+00   1.72188E-26   0.00000E+00   0.00000E+00   0.00000E+00   0.00000E+00
7.59020E+02   9.66400E-26    0.00000E+00   1.69860E-26   0.00000E+00   0.00000E+00   0.00000E+00   0.00000E+00
7.37220E+02   9.43188E-26    0.00000E+00   1.67591E-26   0.00000E+00   0.00000E+00   0.00000E+00   0.00000E+00
7.16010E+02   9.20192E-26    0.00000E+00   1.65375E-26   0.00000E+00   0.00000E+00   0.00000E+00   0.00000E+00
6.95390E+02   8.97404E-26    0.00000E+00   1.63211E-26   0.00000E+00   0.00000E+00   0.00000E+00   0.00000E+00
6.75330E+02   8.74819E-26    0.00000E+00   1.61095E-26   0.00000E+00   0.00000E+00   0.00000E+00   0.00000E+00
6.55840E+02   8.52435E-26    0.00000E+00   1.59023E-26   0.00000E+00   0.00000E+00   0.00000E+00   0.00000E+00
6.36880E+02   8.30243E-26    0.00000E+00   1.56992E-26   0.00000E+00   0.00000E+00   0.00000E+00   0.00000E+00
6.18460E+02   8.08242E-26    0.00000E+00   1.55000E-26   0.00000E+00   0.00000E+00   0.00000E+00   0.00000E+00
6.00560E+02   7.86429E-26    0.00000E+00   1.53043E-26   0.00000E+00   0.00000E+00   0.00000E+00   0.00000E+00
5.83160E+02   7.64801E-26    0.00000E+00   1.51118E-26   0.00000E+00   0.00000E+00   0.00000E+00   0.00000E+00
5.66250E+02   7.43362E-26    0.00000E+00   1.49222E-26   0.00000E+00   0.00000E+00   0.00000E+00   0.00000E+00
5.49820E+02   7.22117E-26    0.00000E+00   1.47352E-26   0.00000E+00   0.00000E+00   0.00000E+00   0.00000E+00
5.33870E+02   7.01061E-26    0.00000E+00   1.45505E-26   0.00000E+00   0.00000E+00   0.00000E+00   0.00000E+00
5.18370E+02   6.80189E-26    0.00000E+00   1.43678E-26   0.00000E+00   0.00000E+00   0.00000E+00   0.00000E+00
5.03310E+02   6.59508E-26    0.00000E+00   1.41869E-26   0.00000E+00   0.00000E+00   0.00000E+00   0.00000E+00
4.88690E+02   6.39026E-26    0.00000E+00   1.40074E-26   0.00000E+00   0.00000E+00   0.00000E+00   0.00000E+00
4.74490E+02   6.18747E-26    0.00000E+00   1.38291E-26   0.00000E+00   0.00000E+00   0.00000E+00   0.00000E+00
4.60700E+02   5.98676E-26    0.00000E+00   1.36516E-26   0.00000E+00   0.00000E+00   0.00000E+00   0.00000E+00
4.47310E+02   5.78821E-26    0.00000E+00   1.34748E-26   0.00000E+00   0.00000E+00   0.00000E+00   0.00000E+00
4.34310E+02   5.59187E-26    0.00000E+00   1.32983E-26   0.00000E+00   0.00000E+00   0.00000E+00   0.00000E+00
4.21690E+02   5.39783E-26    0.00000E+00   1.31218E-26   0.00000E+00   0.00000E+00   0.00000E+00   0.00000E+00
4.09440E+02   5.20617E-26    0.00000E+00   1.29452E-26   0.00000E+00   0.00000E+00   0.00000E+00   0.00000E+00
3.97550E+02   5.01698E-26    0.00000E+00   1.27681E-26   0.00000E+00   0.00000E+00   0.00000E+00   0.00000E+00
3.86010E+02   4.83036E-26    0.00000E+00   1.25902E-26   0.00000E+00   0.00000E+00   0.00000E+00   0.00000E+00
3.74810E+02   4.64641E-26    0.00000E+00   1.24114E-26   0.00000E+00   0.00000E+00   0.00000E+00   0.00000E+00
3.63940E+02   4.46523E-26    0.00000E+00   1.22313E-26   0.00000E+00   0.00000E+00   0.00000E+00   0.00000E+00
3.53390E+02   4.28693E-26    0.00000E+00   1.20497E-26   0.00000E+00   0.00000E+00   0.00000E+00   0.00000E+00
3.43150E+02   4.11161E-26    0.00000E+00   1.18665E-26   0.00000E+00   0.00000E+00   0.00000E+00   0.00000E+00
3.33220E+02   3.93939E-26    0.00000E+00   1.16812E-26   0.00000E+00   0.00000E+00   0.00000E+00   0.00000E+00
3.23580E+02   3.77037E-26    0.00000E+00   1.14938E-26   0.00000E+00   0.00000E+00   0.00000E+00   0.00000E+00
3.14230E+02   3.60468E-26    0.00000E+00   1.13040E-26   0.00000E+00   0.00000E+00   0.00000E+00   0.00000E+00
3.05150E+02   3.44240E-26    0.00000E+00   1.11116E-26   0.00000E+00   0.00000E+00   0.00000E+00   0.00000E+00
2.96350E+02   3.28368E-26    0.00000E+00   1.09163E-26   0.00000E+00   0.00000E+00   0.00000E+00   0.00000E+00
2.87810E+02   3.12860E-26    0.00000E+00   1.07181E-26   0.00000E+00   0.00000E+00   0.00000E+00   0.00000E+00
2.79520E+02   2.97724E-26    0.00000E+00   1.05167E-26   0.00000E+00   0.00000E+00   0.00000E+00   0.00000E+00
2.71480E+02   2.82972E-26    0.00000E+00   1.03119E-26   0.00000E+00   0.00000E+00   0.00000E+00   0.00000E+00
2.63690E+02   2.68610E-26    0.00000E+00   1.01036E-26   0.00000E+00   0.00000E+00   0.00000E+00   0.00000E+00
2.56120E+02   2.54648E-26    0.00000E+00   9.89175E-27   0.00000E+00   0.00000E+00   0.00000E+00   0.00000E+00
2.48780E+02   2.41097E-26    0.00000E+00   9.67612E-27   0.00000E+00   0.00000E+00   0.00000E+00   0.00000E+00
2.41670E+02   2.27961E-26    0.00000E+00   9.45665E-27   0.00000E+00   0.00000E+00   0.00000E+00   0.00000E+00
2.34760E+02   2.15247E-26    0.00000E+00   9.23328E-27   0.00000E+00   0.00000E+00   0.00000E+00   0.00000E+00
2.28070E+02   2.02959E-26    0.00000E+00   9.00597E-27   0.00000E+00   0.00000E+00   0.00000E+00   0.00000E+00
2.21570E+02   1.91105E-26    0.00000E+00   8.77471E-27   0.00000E+00   0.00000E+00   0.00000E+00   0.00000E+00
2.15270E+02   1.79686E-26    0.00000E+00   8.53951E-27   0.00000E+00   0.00000E+00   0.00000E+00   0.00000E+00
2.09160E+02   1.68707E-26    0.00000E+00   8.30045E-27   0.00000E+00   0.00000E+00   0.00000E+00   0.00000E+00
2.03230E+02   1.58168E-26    0.00000E+00   8.05760E-27   0.00000E+00   0.00000E+00   0.00000E+00   0.00000E+00
1.97480E+02   1.48071E-26    0.00000E+00   7.81113E-27   0.00000E+00   0.00000E+00   0.00000E+00   0.00000E+00
1.91900E+02   1.38415E-26    0.00000E+00   7.56120E-27   0.00000E+00   0.00000E+00   0.00000E+00   0.00000E+00
1.86480E+02   1.29198E-26    0.00000E+00   7.30805E-27   0.00000E+00   0.00000E+00   0.00000E+00   0.00000E+00
1.81230E+02   1.20419E-26    0.00000E+00   7.05197E-27   0.00000E+00   0.00000E+00   0.00000E+00   0.00000E+00
1.76140E+02   1.12073E-26    0.00000E+00   6.79329E-27   0.00000E+00   0.00000E+00   0.00000E+00   0.00000E+00
1.71190E+02   1.04156E-26    0.00000E+00   6.53239E-27   0.00000E+00   0.00000E+00   0.00000E+00   0.00000E+00
1.66390E+02   9.66619E-27    0.00000E+00   6.26973E-27   0.00000E+00   0.00000E+00   0.00000E+00   0.00000E+00
1.61740E+02   8.95833E-27    0.00000E+00   6.00581E-27   0.00000E+00   0.00000E+00   0.00000E+00   0.00000E+00
1.57220E+02   8.29125E-27    0.00000E+00   5.74118E-27   0.00000E+00   0.00000E+00   0.00000E+00   0.00000E+00
1.52830E+02   7.66406E-27    0.00000E+00   5.47647E-27   0.00000E+00   0.00000E+00   0.00000E+00   0.00000E+00
1.48570E+02   7.07575E-27    0.00000E+00   5.21235E-27   0.00000E+00   0.00000E+00   0.00000E+00   0.00000E+00
1.44430E+02   6.52521E-27    0.00000E+00   4.94954E-27   0.00000E+00   0.00000E+00   0.00000E+00   0.00000E+00
1.40410E+02   6.01128E-27    0.00000E+00   4.68880E-27   0.00000E+00   0.00000E+00   0.00000E+00   0.00000E+00
1.36510E+02   5.53270E-27    0.00000E+00   4.43095E-27   0.00000E+00   0.00000E+00   0.00000E+00   0.00000E+00
1.32720E+02   5.08817E-27    0.00000E+00   4.17683E-27   0.00000E+00   0.00000E+00   0.00000E+00   0.00000E+00
1.29030E+02   4.67627E-27    0.00000E+00   3.92727E-27   0.00000E+00   0.00000E+00   0.00000E+00   0.00000E+00
1.25440E+02   4.29561E-27    0.00000E+00   3.68317E-27   0.00000E+00   0.00000E+00   0.00000E+00   0.00000E+00
1.21960E+02   3.94470E-27    0.00000E+00   3.44535E-27   0.00000E+00   0.00000E+00   0.00000E+00   0.00000E+00
1.18570E+02   3.62200E-27    0.00000E+00   3.21461E-27   0.00000E+00   0.00000E+00   0.00000E+00   0.00000E+00
1.15270E+02   3.32597E-27    0.00000E+00   2.99172E-27   0.00000E+00   0.00000E+00   0.00000E+00   0.00000E+00
1.12060E+02   3.05503E-27    0.00000E+00   2.77739E-27   0.00000E+00   0.00000E+00   0.00000E+00   0.00000E+00
1.08930E+02   2.80762E-27    0.00000E+00   2.57226E-27   0.00000E+00   0.00000E+00   0.00000E+00   0.00000E+00
1.05890E+02   2.58216E-27    0.00000E+00   2.37685E-27   0.00000E+00   0.00000E+00   0.00000E+00   0.00000E+00
1.02920E+02   2.37710E-27    0.00000E+00   2.19160E-27   0.00000E+00   0.00000E+00   0.00000E+00   0.00000E+00
1.00030E+02   2.19091E-27    0.00000E+00   2.01681E-27   0.00000E+00   0.00000E+00   0.00000E+00   0.00000E+00